1,2,106.71
1,3,124.48
1,4,157.1
1,5,424.59
2,1,106.71
2,3,179.04
2,4,183.58
2,5,496.78
2,6,296.34
2,5430,393.98
2,5436,570.79
3,1,124.48
3,2,179.04
3,4,281.04
3,5,515.3
3,6,258.9
3,5431,131.31
3,5433,149.13
3,5434,345.19
4,1,157.1
4,2,183.58
4,3,281.04
4,5,324.12
4,5421,478
4,5423,303.6
4,5424,425.06
4,5430,507.19
4,5435,673.12
5,1,424.59
5,2,496.78
5,3,515.3
5,4,324.12
5,6,760.45
5,1960,3389.33
5,2279,5077.76
5,2397,3929.25
5,3077,5063.53
5,3316,4934.82
5,3320,2088.67
5,3322,842.6
5,3361,2754.39
5,3940,3518.96
5,4074,1407.8
5,4206,3381.56
5,5419,935.37
5,5420,453.79
5,5421,442.07
5,5422,354.52
5,5423,139.07
5,5424,565.01
5,5425,750.95
5,5428,860.1
5,5429,536.96
5,5430,821.09
5,5431,556.41
5,5433,617.8
5,5434,806.96
5,5435,803.87
5,5436,995.51
5,5437,559.32
5,12946,255.47
6,2,296.34
6,3,258.9
6,5,760.45
6,5436,280.78
7,8,463.69
7,9,698.95
7,5440,242.49
7,5442,59.25
7,5445,43.55
8,7,463.69
8,9,316.83
8,16,1400.56
8,18,1428.1
8,3995,562.45
8,5440,264.66
8,5443,148.37
8,5447,321.07
9,7,698.95
9,8,316.83
9,609,3429.13
9,3995,248.49
9,3997,208.97
9,5443,203.99
9,5447,131.37
10,5446,107.83
11,18,249.4
12,18,380.16
15,18,221.56
16,8,1400.56
16,49,4921.55
16,193,4170.61
16,302,2148.11
16,337,2431.13
16,340,2401.21
16,346,2691.75
16,421,2444.34
16,478,1653.09
16,490,1817.49
16,492,1861.76
16,502,1935.27
16,507,1894.99
16,534,1347.46
16,535,1384.63
16,580,2037.66
16,608,1967.38
16,609,2143.92
16,636,1489.46
16,644,1782.8
16,737,2142.51
16,1212,3208.07
16,1382,2241.08
16,1423,2576.1
16,1678,2630.71
16,3448,3874.24
16,3494,4176.91
16,3577,5811.34
16,3714,4494.88
16,3751,5726.98
16,3797,4163.25
16,4167,5642.8
18,8,1428.1
18,11,249.4
18,12,380.16
18,15,221.56
21,121,418.44
21,133,284.12
21,144,511.94
21,193,494.01
24,188,364.46
24,189,483.51
24,5485,76.65
27,111,352.3
27,146,582.88
27,161,431.64
27,192,58.26
28,71,362.77
28,111,173.76
28,146,380.22
28,202,402.47
29,132,256.53
29,147,517.79
29,5487,282.72
29,5534,287.49
30,119,38.35
30,156,172.42
30,7275,311.65
31,178,1002.16
32,37,432.37
32,69,375.6
32,183,455.76
32,196,849.98
33,156,52.24
33,178,738.46
34,156,403.09
34,178,326.93
36,73,407.79
36,161,549.61
37,32,432.37
37,68,343.83
37,196,596.23
40,55,748.31
40,75,411.43
41,132,460.34
41,140,330.4
41,147,290.9
41,5487,374.07
45,73,667.89
45,188,503.15
45,189,385.38
45,193,1803.65
48,156,755.81
48,180,373.32
49,16,4921.55
49,70,2702.08
49,72,847.69
49,87,546.67
49,90,401.02
49,99,631.15
49,100,2849.37
49,119,877.54
49,120,689.93
49,122,402.39
49,136,752.65
49,146,2968.77
49,156,809.01
49,160,1186.84
49,166,479.95
49,168,562.51
49,175,774.84
49,176,1528.56
49,178,245.99
49,184,861.29
49,193,2689.11
49,196,1019.02
49,507,6809.38
49,1836,3697.28
49,1852,4245.8
49,3462,2213.54
49,3469,1871.35
49,3484,2187.07
49,3494,3248.01
49,3550,2984.45
49,3577,897.54
49,3670,2622.98
49,3751,1640
49,3830,2279.85
49,3839,2178.41
49,3858,1744.22
49,3877,1919.75
49,7266,680.6
50,132,216.56
50,187,261.86
50,5534,149.23
54,68,665.55
54,139,513.98
54,145,126.88
54,155,445.35
54,206,115.22
54,4239,309.24
54,4244,395.12
55,40,748.31
55,100,2097.44
55,132,1175.66
55,140,391.92
55,148,793.37
55,154,629.44
55,170,297.33
55,5495,852.62
55,5509,120.64
55,8225,1221.03
56,73,260.81
56,100,712.71
56,146,561.29
56,193,1060.57
58,141,272.3
58,160,609.93
58,5524,87.43
60,196,361.87
61,193,250.37
62,146,950.39
62,5496,184.25
62,6727,714.91
63,65,250.51
63,111,561.51
65,63,250.51
65,111,730.62
65,6775,284.5
67,115,116.26
67,121,297.19
67,169,67.7
67,5527,156.14
68,37,343.83
68,54,665.55
68,139,297.16
69,32,375.6
69,183,135.63
69,196,1089.48
70,49,2702.08
70,73,1324.6
70,117,1248.25
70,178,2696.49
71,28,362.77
71,111,210.58
71,153,435.77
71,202,746.58
72,49,847.69
72,136,228.57
72,196,193.9
73,36,407.79
73,45,667.89
73,56,260.81
73,70,1324.6
73,100,954.8
73,117,164.51
73,125,814.44
73,126,304.88
73,135,193.1
73,146,804.18
73,178,3745.15
73,182,159.57
73,188,964.54
73,189,880.45
73,193,1288.28
73,340,5236.06
73,507,4584.53
73,1441,605.45
73,1760,2960.36
73,1780,3222.74
73,1852,3406.86
73,3448,664.8
73,3494,985.61
73,3520,1303.04
73,3697,959.44
73,3752,1111.52
73,3830,1988.53
73,3878,2411.26
75,40,411.43
75,5495,394.2
77,45,112.57
78,156,257.97
78,172,385.57
78,178,452.6
79,178,2649.31
79,3830,636.29
80,111,947.17
80,154,379.22
80,161,209.46
80,202,510.8
85,178,363.1
87,49,546.67
87,112,455.99
87,156,287.18
87,164,260.99
87,172,492.34
87,176,1545.73
87,178,399.86
87,184,327.57
87,193,3065.54
87,3484,1782.4
87,3577,352.05
90,49,401.02
90,109,235.14
90,112,526.26
90,156,1150.59
90,178,642.53
90,193,2637.16
90,3751,1926.93
91,143,307.57
91,5490,125.96
91,5507,129.94
94,202,318.55
94,5503,155.9
94,8216,79.33
94,8217,37.27
99,49,631.15
99,7266,130.9
100,49,2849.37
100,55,2097.44
100,56,712.71
100,73,954.8
100,111,368.07
100,117,857.08
100,144,350.61
100,146,151.46
100,156,3551.98
100,160,1688.51
100,174,505.76
100,178,2878.55
100,189,1766.92
100,193,363.5
100,196,3099.7
100,340,5984.62
100,507,5346.24
100,3448,497.95
100,3494,529.06
100,3520,728.25
100,3645,706.9
100,3697,526.04
100,3714,724.29
100,3752,607.09
100,3830,1050.99
100,3876,1209.1
105,121,347.76
106,202,147.62
106,7255,69.22
108,156,754.59
109,90,235.14
109,136,147.32
111,27,352.3
111,63,561.51
111,65,730.62
111,71,210.58
111,80,947.17
111,100,368.07
111,144,718.38
111,146,232.97
111,161,754.71
111,192,312.46
111,193,731.55
111,202,536.74
111,1382,5292.11
111,1760,3150.53
111,3494,713.72
111,3752,829.67
111,3830,1413.58
111,6775,468.29
112,87,455.99
112,90,526.26
112,178,119.11
113,144,326.33
113,178,2541.03
113,193,312.15
115,67,116.26
115,160,206.69
115,5479,142.83
116,178,186.27
117,70,1248.25
117,73,164.51
117,100,857.08
117,146,705.84
117,193,1206.54
117,3494,974.03
117,3878,2445.13
119,30,38.35
119,49,877.54
119,156,135.86
119,178,784.91
120,49,689.93
120,156,1332.32
120,160,531.84
120,178,661.67
120,193,2027.78
120,3751,1175.35
120,3830,1590.04
120,3858,1054.3
120,3877,1803.63
121,21,418.44
121,143,586.03
121,144,929.61
121,160,600.37
121,169,269.48
121,193,911.37
121,5479,304.76
121,5491,368.87
121,5533,528.23
122,49,402.39
122,178,556.18
125,73,814.44
125,188,635.61
125,189,198.87
126,73,304.88
126,193,1562.27
127,156,428.71
127,162,98.67
128,5498,383.41
128,8225,360.62
132,29,256.53
132,41,460.34
132,50,216.56
132,55,1175.66
132,141,844.25
132,147,498.29
132,160,1467.75
132,187,464.95
132,196,1135.88
132,5487,91.68
132,5534,68.18
133,21,284.12
133,121,668.83
133,143,220.54
133,144,350.99
133,177,109.27
133,193,340.33
135,73,193.1
135,146,613
135,193,1103.52
136,49,752.65
136,72,228.57
136,109,147.32
136,196,302.17
139,54,513.98
139,68,297.16
140,41,330.4
140,55,391.92
141,58,272.3
141,160,656.39
141,187,398.49
141,5497,205.21
141,5524,289.75
143,91,307.57
143,133,220.54
143,144,570.31
143,190,123.07
143,193,560.38
144,21,511.94
144,100,350.61
144,111,718.38
144,113,326.33
144,121,929.61
144,133,350.99
144,143,570.31
144,146,492.64
144,3448,696.4
144,3494,540.34
144,3515,1106.89
144,3714,545.34
144,3747,712.46
145,54,126.88
146,27,582.88
146,28,380.22
146,49,2968.77
146,56,561.29
146,62,950.39
146,73,804.18
146,100,151.46
146,111,232.97
146,117,705.84
146,135,613
146,144,492.64
146,149,492.47
146,153,420.92
146,154,1449.59
146,156,3682.14
146,160,1818.36
146,161,966.54
146,178,3005.54
146,182,826.47
146,189,1617.77
146,192,545.22
146,193,507.2
146,202,767.72
146,210,6275.4
146,287,6770.46
146,302,5553.84
146,340,5854.76
146,346,6150.77
146,502,5245.73
146,507,5214.2
146,580,5503.14
146,1074,5674.37
146,1218,5911.35
146,1230,5705.16
146,1264,5518.1
146,1273,5727.75
146,1335,5865.18
146,1353,6005.49
146,1354,6128.79
146,1382,5523.48
146,1386,5526.82
146,1441,1358.84
146,1551,6358.09
146,1555,6584.4
146,1638,5235.16
146,1665,5905.06
146,1678,5995.7
146,1760,3032.43
146,1761,2873.92
146,1780,3023.25
146,1800,3025.05
146,1824,3712.78
146,1836,3980.53
146,1852,2969.78
146,1897,2993.09
146,1901,2592.18
146,1903,2746.06
146,1904,2700.36
146,1910,2754.92
146,1918,2616.29
146,1923,2590.07
146,1956,2381.43
146,2170,8897
146,2878,3635.66
146,2881,3441.06
146,3448,408.98
146,3469,4075.85
146,3484,3972.63
146,3494,532.43
146,3520,784.32
146,3533,2231.31
146,3550,2548.79
146,3576,2264.71
146,3645,851.07
146,3670,2432.25
146,3682,1600.3
146,3697,521.99
146,3714,787.31
146,3751,2587.5
146,3752,634.48
146,3797,537.17
146,3825,401.79
146,3830,1200.65
146,3858,1524.67
146,3876,1292.26
146,3877,3595.94
146,3878,2008.39
146,3941,7631.85
146,5496,1127.19
146,5514,481.9
146,5538,656.93
146,5810,2936.87
146,11051,10406.21
147,29,517.79
147,41,290.9
147,132,498.29
148,55,793.37
148,5495,69.3
149,146,492.47
149,153,79.96
149,5496,790.21
152,170,172.24
153,71,435.77
153,146,420.92
153,149,79.96
153,5472,644.52
153,5507,386.68
154,55,629.44
154,80,379.22
154,146,1449.59
154,5481,232.77
154,5496,649.69
154,5508,149.71
154,5512,157.44
154,5520,565.16
154,6727,550.45
154,6728,109.47
155,54,445.35
155,196,679.93
155,4238,70.71
155,4239,136.12
156,30,172.42
156,33,52.24
156,34,403.09
156,48,755.81
156,49,809.01
156,78,257.97
156,87,287.18
156,90,1150.59
156,100,3551.98
156,108,754.59
156,119,135.86
156,120,1332.32
156,127,428.71
156,146,3682.14
156,160,1863.89
156,162,341.77
156,164,537.39
156,166,1204.64
156,168,800.26
156,172,523.28
156,173,693.29
156,176,1483.33
156,178,686.37
156,179,683.05
156,181,261.28
156,184,63.34
156,193,3345.51
156,198,750.84
156,200,341.91
156,340,8062.48
156,346,8340.36
156,478,7337.41
156,502,7618.67
156,507,7578.58
156,580,7707.26
156,1824,3944.69
156,1836,3546.67
156,1840,3126.83
156,1852,4475.54
156,2006,11360.78
156,2276,9591.68
156,2279,7503.43
156,2359,7558.66
156,2397,10554.11
156,3077,10269.31
156,3361,12500.95
156,3364,8492.31
156,3370,10203
156,3406,9016.08
156,3456,4301.61
156,3462,1980.4
156,3469,1288.71
156,3484,1740.89
156,3494,3899.16
156,3514,4385.28
156,3536,1281.92
156,3550,3169.37
156,3577,204.52
156,3602,4382.73
156,3670,2819.35
156,3720,403.3
156,3728,4353.58
156,3751,1789.48
156,3797,3930.39
156,3830,2831.39
156,3839,1794.83
156,3858,2304.58
156,3867,1780.4
156,3877,1597.18
156,3930,8199.72
156,4144,8002.81
156,5523,118.72
156,5545,817.48
156,6738,428.41
156,8223,405.88
160,49,1186.84
160,58,609.93
160,100,1688.51
160,115,206.69
160,120,531.84
160,121,600.37
160,132,1467.75
160,141,656.39
160,146,1818.36
160,156,1863.89
160,166,706.93
160,174,1445.22
160,178,1191.43
160,187,1002.83
160,193,1504.01
160,3751,1260
160,3830,1137.84
160,3858,635.43
160,3877,2107.54
160,5497,736.39
160,5524,522.93
160,5527,275.66
160,5529,1400.07
161,27,431.64
161,28,587.64
161,36,549.61
161,80,209.46
161,146,966.54
161,188,431.78
161,192,488.81
161,202,302.91
161,5550,196.82
161,6775,548.42
162,127,98.67
162,156,341.77
164,87,260.99
164,156,537.39
164,178,208.69
166,49,479.95
166,156,1204.64
166,160,706.93
166,178,518.35
166,193,2209.9
166,3751,1377.49
166,3830,1810.15
166,3858,1277.91
166,3877,1909.05
167,178,262.87
168,49,562.51
168,156,800.26
168,172,288.85
168,178,720.81
168,180,309.42
169,67,67.7
169,121,269.48
169,5465,444.78
169,5466,358.19
169,5468,432.47
169,5469,352.05
169,5478,179.48
169,5479,196.67
169,5480,440.49
169,5489,714.5
169,5527,170.25
169,5531,434.19
169,5544,370.13
169,5546,420.48
169,5547,317.3
169,5548,342.77
170,55,297.33
170,152,172.24
172,78,385.57
172,87,492.34
172,156,523.28
172,168,288.85
172,173,389.01
172,178,661.78
172,179,309.75
172,180,550.1
173,156,693.29
173,172,389.01
173,179,97.98
174,100,505.76
174,160,1445.22
174,178,2619.9
174,193,142.33
174,3830,565.56
175,49,774.84
175,178,638.55
176,87,1545.73
176,156,1483.33
176,178,1677.92
176,196,1103.69
177,133,109.27
177,193,299.16
178,31,1002.16
178,33,738.46
178,34,326.93
178,49,245.99
178,70,2696.49
178,73,3745.15
178,78,452.6
178,79,2649.31
178,85,363.1
178,87,399.86
178,90,642.53
178,100,2878.55
178,112,119.11
178,113,2541.03
178,116,186.27
178,119,784.91
178,120,661.67
178,122,556.18
178,146,3005.54
178,156,686.37
178,160,1191.43
178,164,208.69
178,166,518.35
178,167,262.87
178,168,720.81
178,172,661.78
178,174,2619.9
178,175,638.55
178,184,726.99
178,193,2689.18
178,196,1262.19
178,340,7528.45
178,478,6776.29
178,502,7054.56
178,507,7014.97
178,534,6476.68
178,580,7167.63
178,1836,3469.4
178,1840,3131.24
178,1852,4091.02
178,1923,4190.63
178,2279,7945.73
178,3462,1972.62
178,3469,1638.44
178,3484,1942.04
178,3494,3246.71
178,3536,1158.82
178,3550,2812.55
178,3577,725.67
178,3670,2451.2
178,3720,881.67
178,3731,2060.06
178,3751,1445.26
178,3797,3277.13
178,3830,2224.27
178,3839,1932.42
178,3858,1688.01
178,3877,1674.11
178,3878,3711.13
179,156,683.05
179,172,309.75
179,173,97.98
180,48,373.32
180,168,309.42
180,172,550.1
181,156,261.28
182,73,159.57
182,146,826.47
182,193,1327.93
183,32,455.76
183,69,135.63
183,196,1218.24
184,49,861.29
184,87,327.57
184,156,63.34
184,178,726.99
184,193,3370.26
184,3469,1229.18
184,3577,156.96
184,3877,1551.74
187,50,261.86
187,132,464.95
187,141,398.49
187,160,1002.83
188,24,364.46
188,45,503.15
188,73,964.54
188,125,635.61
188,161,431.78
188,189,833.79
188,5461,160.94
188,5485,303.05
188,5488,367.98
188,5550,245.24
188,7252,181.8
189,24,483.51
189,45,385.38
189,73,880.45
189,77,442.73
189,100,1766.92
189,125,198.87
189,146,1617.77
189,188,833.79
189,193,2123.47
189,507,3715.79
189,1441,275.44
189,3494,1866.05
189,3878,3254.72
190,121,514.27
190,143,123.07
192,27,58.26
192,111,312.46
192,146,545.22
192,161,488.81
192,202,227.98
192,6775,211.69
193,16,4170.61
193,21,494.01
193,45,1803.65
193,49,2689.11
193,56,1060.57
193,61,250.37
193,73,1288.28
193,87,3065.54
193,90,2637.16
193,100,363.5
193,111,731.55
193,113,312.15
193,117,1206.54
193,120,2027.78
193,121,911.37
193,126,1562.27
193,133,340.33
193,135,1103.52
193,143,560.38
193,146,507.2
193,156,3345.51
193,160,1504.01
193,166,2209.9
193,174,142.33
193,177,299.16
193,178,2689.18
193,182,1327.93
193,184,3370.26
193,189,2123.47
193,199,229.33
193,302,6044.4
193,340,6343.97
193,346,6640.95
193,478,5511.39
193,502,5739.2
193,507,5707.05
193,534,5283.98
193,580,5989.66
193,599,5260.99
193,609,6269.45
193,679,6934.68
193,1107,11501.4
193,1128,9228.25
193,1218,6417.69
193,1382,6019.85
193,1551,6853.57
193,1555,7085.63
193,1590,9295.12
193,1613,6948.28
193,1633,4513.02
193,1636,5642.23
193,1638,5740.46
193,1678,6490.66
193,1701,8198.84
193,1754,2528.51
193,1760,2984.31
193,1761,2790.16
193,1779,2874.72
193,1780,2803.78
193,1824,3246.67
193,1852,2605.32
193,1871,3848.07
193,1881,3722.69
193,1885,3771.44
193,1892,3480.39
193,1901,2362.17
193,1904,2480.33
193,1909,2314.47
193,1910,2563.9
193,1918,2355.84
193,1923,2301.33
193,1926,2716.2
193,1941,2262.83
193,1953,2081.77
193,2072,10444.49
193,2179,11122.33
193,2188,11082.19
193,2206,11670.12
193,2207,11246.41
193,2223,10986.21
193,2276,12078.77
193,2279,10299.6
193,2564,8193.73
193,2650,8616.71
193,2709,4367.2
193,2789,6198.72
193,2874,3394.4
193,2875,3908.47
193,2882,3915.38
193,2890,3082.38
193,2894,3775.22
193,2895,3586.81
193,2899,3243.7
193,2902,4078.85
193,2985,7466.73
193,2988,7490.34
193,3077,12548.53
193,3364,10560.77
193,3406,11414.36
193,3448,715.88
193,3458,1345.02
193,3462,3013.42
193,3469,3627.3
193,3484,3493.95
193,3486,310.64
193,3488,664.25
193,3494,558.96
193,3515,1113.33
193,3520,578.56
193,3533,1958.11
193,3542,454.14
193,3550,2060.08
193,3570,357.7
193,3576,1989.51
193,3577,3306.64
193,3585,706.7
193,3622,169.95
193,3626,870.25
193,3645,343.97
193,3646,1765.14
193,3670,1928.41
193,3678,1051.03
193,3682,1191.08
193,3690,1031.95
193,3697,573.15
193,3714,556.66
193,3717,673.41
193,3731,3465.04
193,3745,291.61
193,3751,2111.19
193,3752,557.98
193,3759,490.18
193,3793,1915.58
193,3797,588.6
193,3825,598.57
193,3830,700.35
193,3849,558.09
193,3858,1088.94
193,3861,1788.11
193,3876,947.75
193,3877,3120.31
193,3878,1702.08
193,3930,10616.64
193,3941,8128.5
193,4069,1810.64
193,4304,4630.3
193,5810,2866.66
196,32,849.98
196,37,596.23
196,49,1019.02
196,60,361.87
196,69,1089.48
196,72,193.9
196,100,3099.7
196,132,1135.88
196,136,302.17
196,155,679.93
196,176,1103.69
196,178,1262.19
196,183,1218.24
196,4237,535.82
196,5463,160.84
196,5511,3277.53
196,5526,233.13
196,7277,193
198,156,750.84
199,193,229.33
200,156,341.91
200,7275,169.02
202,28,402.47
202,71,746.58
202,80,510.8
202,94,318.55
202,106,147.62
202,111,536.74
202,146,767.72
202,161,302.91
202,192,227.98
202,7255,188.81
202,8216,397.19
206,54,115.22
209,210,165.35
209,1335,1002.26
209,1353,748.15
209,1386,1353.33
210,146,6275.4
210,209,165.35
210,211,1501.59
210,218,471.09
210,220,409.47
210,221,307.88
210,222,462.57
210,224,418.25
210,225,217.63
210,230,459.77
210,231,364.28
210,233,321.67
210,234,1034.89
210,235,310.41
210,237,481.83
210,238,619.37
210,239,1051.76
210,240,480.57
210,243,567.85
210,246,2747.15
210,253,3569.78
210,280,2582.82
210,287,624.66
210,302,1583.34
210,340,1544.44
210,344,1606.8
210,502,1630.07
210,507,1668.91
210,1044,2908.26
210,1074,1050.21
210,1084,3187.75
210,1128,2705.73
210,1157,1012.84
210,1212,377
210,1218,521.5
210,1229,723.43
210,1264,963.18
210,1273,787.3
210,1320,1388.64
210,1335,1016.57
210,1353,769.48
210,1354,845.74
210,1382,1371.18
210,1386,1339.65
210,1399,1542.57
210,1524,1095.26
210,1555,961.7
210,1606,1013.24
210,1613,1672.8
210,1638,1109.79
210,1665,1088.41
210,1701,2259.3
210,2074,3716.03
210,2170,3049.16
210,2177,2933.85
210,2188,5068.25
210,2985,3332.11
210,3364,9104.07
210,3998,320.81
210,5552,296.45
210,5555,479.47
210,6492,197.1
210,11051,4732.3
210,13448,382.35
211,216,439.84
211,243,935.58
216,210,1558.2
216,236,900.34
216,237,1076.82
216,239,575.58
218,210,471.09
220,210,409.47
220,231,767.61
220,1335,1015.75
220,1353,767.86
220,1382,1420.68
220,1386,1394.66
220,1701,1870.48
221,210,307.88
221,231,655.72
221,234,1135.85
221,237,504.55
221,238,513.74
221,1335,1058.59
221,1353,805.38
221,1354,822.45
221,1382,1454.31
221,1386,1426.48
221,1701,1991.49
222,210,462.57
224,210,418.25
224,238,300.38
225,210,217.63
228,1353,869.24
230,210,459.77
230,1335,1311.9
230,1353,1097.91
230,1386,1556.21
231,210,364.28
231,220,767.61
231,221,655.72
231,234,866.77
231,237,543.42
231,238,764.35
231,243,693.26
231,287,981.93
231,1074,685.95
231,1212,295.64
231,1218,673.1
231,1229,597.35
231,1273,906.15
231,1335,1221.04
231,1353,1002.5
231,1382,1511.08
231,1386,1477.12
231,1399,1687.7
231,1555,1308.1
231,1701,2623.35
231,2074,4038.83
231,5553,467.92
233,210,321.67
233,225,120.38
234,210,1034.89
234,221,1135.85
234,231,866.77
234,239,273.91
234,243,704.93
234,5554,727.31
235,210,310.41
235,1335,1216.88
235,1386,1573.39
236,216,900.34
236,243,285.14
237,210,481.83
237,216,1076.82
237,221,504.55
237,231,543.42
238,210,619.37
238,221,513.74
238,224,300.38
238,231,764.35
238,244,525.5
238,502,2226.91
239,210,1051.76
239,216,575.58
240,210,480.57
243,210,567.85
243,231,693.26
243,234,704.93
243,236,285.14
243,244,592.12
244,238,525.5
244,243,592.12
245,246,791.91
245,248,294.26
245,253,708.65
245,260,613.02
245,273,106.36
245,280,792.49
245,298,126.69
245,883,1852.73
245,886,1629.8
245,890,960.28
245,891,757.84
245,897,853.27
245,970,1018.92
245,1044,1324.81
245,1084,2361.79
245,1107,4021.9
245,1382,4743.11
245,4059,3928.18
246,210,2747.15
246,245,791.91
246,247,334.28
246,248,764.74
246,253,831.93
246,280,419.76
246,287,2965.29
246,298,751.99
246,302,4320.71
246,1044,699.27
246,1074,2416.84
246,1084,1747.04
246,1107,4417.02
246,1382,4093.51
246,1701,4339.45
247,246,334.28
247,253,657.42
248,245,294.26
248,246,764.74
248,249,446.09
248,251,308.55
248,252,194.73
248,253,417.91
248,260,902.42
248,273,400.51
248,298,169.11
248,340,5007.34
248,507,5100.07
248,580,5212.86
248,813,4673.63
248,1059,1475.85
248,1062,1173.87
248,1063,1129.79
248,1074,3180.99
248,1084,2148.78
248,1107,4312.08
248,1128,4282.92
248,1229,3891.79
248,1555,4208.02
248,1638,3798.04
248,1701,4874.34
248,2177,4829.52
248,2188,6288.96
248,3797,8221.49
248,4059,4190.54
248,4105,3665.34
248,5556,200
249,248,446.09
251,248,308.55
252,248,194.73
253,210,3569.78
253,245,708.65
253,246,831.93
253,247,657.42
253,248,417.91
253,273,814.81
253,287,3796.59
253,298,581.96
253,302,5134.85
253,897,1518.75
253,970,1574.24
253,1044,921.4
253,1059,1088.87
253,1063,720.2
253,1074,3148.16
253,1084,1819.66
253,1382,4903.21
253,1386,4869.45
253,1701,5134.19
253,4059,4596.06
253,4162,1170.58
260,245,613.02
260,248,902.42
260,262,350.8
260,263,463.89
260,264,283.52
260,266,405.13
260,267,310.81
260,270,365.16
260,273,511.42
260,275,445.16
260,276,489.22
260,277,567.97
260,280,744.5
260,298,733.71
260,340,4563.55
260,507,4774.22
260,891,605.38
260,999,917.69
260,1107,3462.46
260,1128,3435.06
260,1382,4470.13
260,6730,398.1
260,6972,411.38
260,9825,318.53
260,13456,423.37
262,260,350.8
262,273,253.4
263,260,463.89
263,273,583.83
264,260,283.52
264,273,468.64
264,1107,3452.06
266,260,405.13
267,260,310.81
268,273,699.18
269,273,634.75
270,260,365.16
270,273,834.1
270,999,707.8
270,1128,3097.86
270,1175,2622.67
270,2072,3423.21
270,2177,3649.9
273,245,106.36
273,248,400.51
273,253,814.81
273,260,511.42
273,262,253.4
273,263,583.83
273,264,468.64
273,268,699.18
273,269,634.75
273,270,834.1
273,275,437.35
273,298,232.93
273,340,4856.82
273,507,5004.06
273,580,5086.79
273,813,4524.09
273,891,674.07
273,897,763.89
273,970,958.9
273,1044,1401.59
273,1059,1834.3
273,1063,1512.47
273,1074,3184.41
273,1084,2446.23
273,1107,3916.31
273,1128,3931.38
273,1165,3124.81
273,1229,3830.69
273,1382,4719.16
273,1701,4584.34
273,2170,4393.13
273,2177,4483.98
273,2179,5807.55
273,2188,5895.91
273,3550,10468.91
273,3682,9395.42
273,3797,8444.43
273,4059,3831.81
273,6730,448.24
273,6972,296.82
273,9825,371.86
273,9826,560.94
273,11051,5527.52
275,260,445.16
275,273,437.35
276,260,489.22
277,260,567.97
280,210,2582.82
280,245,792.49
280,246,419.76
280,260,744.5
280,999,1401.2
280,1074,2422.36
280,1107,4020.99
280,1382,3951.04
286,287,130.39
286,302,1756.97
286,1157,408.97
286,1335,1206.2
286,1353,976.3
286,1354,928.92
286,1382,1618.3
286,1386,1595.71
286,1418,1629.07
286,1665,1228.24
287,210,624.66
287,231,981.93
287,246,2965.29
287,253,3796.59
287,286,130.39
287,290,298.43
287,291,330.9
287,293,334.63
287,295,240.84
287,296,376.28
287,302,1627.47
287,340,1471.8
287,344,1577.52
287,345,1628.64
287,346,1285.33
287,507,1831.26
287,580,1771.16
287,1044,3255.05
287,1074,1663.64
287,1084,3681.29
287,1094,3284.03
287,1128,2096.09
287,1154,1060.66
287,1157,537.09
287,1218,859.16
287,1229,1261.58
287,1264,1276.2
287,1273,1063.71
287,1335,1075.81
287,1353,846.78
287,1354,798.77
287,1382,1487.91
287,1386,1465.38
287,1418,1502.91
287,1435,1316.6
287,1512,292.4
287,1524,984.21
287,1538,859.12
287,1551,978.5
287,1555,576.85
287,1561,570
287,1606,396.29
287,1613,1354.54
287,1638,1711.12
287,1665,1098.21
287,1678,1188.19
287,1701,1668.65
287,1739,1224.64
287,2072,3254.23
287,2074,3115.02
287,2170,2426.82
287,2176,3594.08
287,2177,2309.2
287,2188,4444.47
287,4029,2931.18
287,5696,870.79
287,5697,1371.14
287,5699,1161.68
287,11051,4110.44
290,291,132.53
290,296,84.65
291,287,330.9
291,296,184.03
293,287,334.63
293,302,1960.69
293,337,2069.32
293,340,1805.74
293,342,2197.58
293,345,1963.27
293,346,1612.15
293,347,1737.45
293,348,1954.9
293,629,1790.85
293,1157,259.32
293,1335,1403.69
293,1353,1167.03
293,1354,1130.49
293,1382,1814.9
293,1386,1791.2
293,1399,1958.11
293,1418,1805.22
293,1423,1549
293,1435,1651.22
293,1665,1430.25
293,1678,1522.55
293,7447,246.64
295,287,240.84
295,1154,935.19
295,1157,322.97
295,1382,1724.12
296,287,376.28
296,1386,1710.84
298,245,126.69
298,246,751.99
298,248,169.11
298,253,581.96
298,260,733.71
298,273,232.93
298,302,4983.4
298,897,967.76
298,970,1105.49
298,1044,1232.91
298,1107,4148.41
298,1382,4765.95
298,2560,5811.9
298,4162,1680.53
299,503,307.9
302,16,2148.11
302,146,5553.84
302,193,6044.4
302,210,1583.34
302,245,4956.91
302,246,4320.71
302,253,5134.85
302,286,1756.97
302,287,1627.47
302,293,1960.69
302,337,644.51
302,340,304.84
302,342,481.8
302,346,596.98
302,350,419.51
302,351,633.23
302,352,398.17
302,415,1591.54
302,421,1646.51
302,469,462.92
302,478,535.64
302,490,505.17
302,502,328.04
302,507,350.43
302,521,618.07
302,523,452.94
302,535,764.68
302,580,157.66
302,596,905.52
302,599,784.31
302,608,620.66
302,609,754.38
302,644,1104.1
302,668,1017.36
302,679,1146.2
302,680,867.04
302,687,905.01
302,737,1287.76
302,738,1266.35
302,897,5237.38
302,951,6698.3
302,1020,6236.12
302,1054,3050.58
302,1055,2870.66
302,1056,3094.92
302,1059,4974.42
302,1064,2561.33
302,1070,1864.67
302,1074,2182.66
302,1075,2379.52
302,1080,1881.25
302,1084,4477.44
302,1120,6475.88
302,1128,3208.61
302,1165,6362.01
302,1191,1973.07
302,1194,1697.74
302,1196,1951.5
302,1198,2877.99
302,1200,1397.23
302,1208,1029.02
302,1212,1458.01
302,1213,1655.09
302,1216,1012.54
302,1218,1083.78
302,1225,1359.46
302,1229,1315.61
302,1230,1735.48
302,1231,1227.63
302,1236,1114.12
302,1243,1320.53
302,1246,1326.51
302,1253,1708.83
302,1264,778.32
302,1273,842.03
302,1276,923.26
302,1321,1002.91
302,1335,577.21
302,1353,831.61
302,1354,831.17
302,1382,251.48
302,1418,608.89
302,1423,429.36
302,1435,346.53
302,1452,2395.43
302,1458,2379.99
302,1460,1735.93
302,1468,2224.28
302,1472,2471.29
302,1474,2322.24
302,1488,1950.75
302,1489,1139.24
302,1509,1711.74
302,1512,1568.31
302,1524,664.69
302,1526,675.97
302,1529,702.77
302,1538,871.08
302,1539,815.71
302,1551,835.76
302,1555,1172.55
302,1561,1345.11
302,1563,936.18
302,1569,898.31
302,1587,696.58
302,1590,3250.98
302,1606,1853.62
302,1613,924.88
302,1626,1832.27
302,1636,1473.4
302,1638,1717.47
302,1657,1753.74
302,1665,532.1
302,1678,482.87
302,1688,2597.76
302,1701,2166.25
302,1706,2261.97
302,1739,1356.6
302,1743,1435.64
302,2177,3139.26
302,2179,5166.69
302,2939,1854.15
302,2985,2229.62
302,2997,6866.06
302,3093,6399.31
302,3364,7944.93
302,3494,5907.22
302,3682,7106.02
302,3714,6246.99
302,3752,6035.51
302,3797,5885.51
302,3830,6675.18
302,3885,9262.29
302,3941,2101.43
302,3953,1434.27
302,3959,1453.57
302,3998,1269.31
302,4029,2260.69
302,4091,2664.09
302,4161,5287.47
302,4315,2376.57
302,4317,2204.1
302,5673,1869.7
302,6780,2360.18
302,7447,1715.66
302,11051,4892.36
304,478,562.36
304,535,801.79
304,599,804.49
304,657,1070.03
304,669,1088.54
304,679,1160.7
304,699,1221.26
304,1051,2891.28
304,1054,3012.02
304,1055,2831.02
304,1056,3057.51
304,1064,2518.59
304,1066,1991.92
304,1070,1817.4
304,1072,2039.01
304,1075,2336.12
304,1080,1837.81
304,1194,1679.41
304,1198,2857.25
304,1203,939.73
304,1209,1081.48
304,1212,1410.57
304,1213,1608.72
304,1218,1035.09
304,1222,960.45
304,1225,1310.87
304,1229,1272.69
304,1230,1691.08
304,1236,1066.02
304,1246,1279.35
304,1251,1001.69
304,1252,1064.98
304,1253,1666.45
304,1264,735.8
304,1265,692.12
304,1280,899.62
304,1289,688.95
304,1323,1058.27
304,1352,821.71
304,1353,782.74
304,1356,866.72
304,1359,766.25
304,1439,745.21
304,1448,1901.99
304,1460,1706.15
304,1472,2447.75
304,1474,2292.74
304,1486,1809.51
304,1488,1919.68
304,1489,1130.42
304,1501,1405.02
304,1505,1160.86
304,1506,1509.23
304,1508,1583.05
304,1515,1533.13
304,1517,1132.43
304,1519,1297.27
304,1525,659.44
304,1526,631.35
304,1528,748.45
304,1538,834.44
304,1539,784.83
304,1545,843.4
304,1553,1147.73
304,1562,876.77
304,1567,1021.97
304,1569,875.51
304,1626,1792.09
304,1636,1439.52
304,1652,1466.73
304,1657,1743.55
304,1737,1617.85
304,1739,1339.56
304,1741,1444.09
304,1745,957.89
304,3959,1476.7
304,3998,1220.24
304,4309,1015.78
304,4317,2189.28
304,5673,1823.29
304,6493,632.86
304,8414,1141.41
304,9327,1701.44
309,1064,2573.6
309,1321,950.14
309,1324,1002.46
309,1399,166.5
309,1452,2324.52
309,1472,2398.57
309,3998,1250.59
310,309,191.39
337,16,2431.13
337,293,2069.32
337,302,644.51
337,478,1063.71
337,490,1117.93
337,491,1101.89
337,492,948.43
337,502,952.1
337,508,882
337,523,1002.3
337,534,1228.6
337,535,1165.7
337,548,907.33
337,580,594.67
337,599,1328.27
337,603,1512.34
337,609,364.46
337,636,1016.23
337,644,874.05
337,657,796.56
337,665,1241.06
337,666,874.44
337,737,853.05
337,1051,3487.11
337,1054,3616.91
337,1055,3427.38
337,1056,3671.17
337,1064,3083.18
337,1075,2893.56
337,1128,2873.83
337,1194,1305.24
337,1197,2513.46
337,1218,1504.88
337,1226,2315.03
337,1229,1853.3
337,1230,2243.26
337,1335,960.94
337,1354,1076.29
337,1386,884.77
337,1423,683.11
337,1452,2106.66
337,1458,2031.72
337,1460,1502.69
337,1472,2111.15
337,1486,1501.5
337,1489,686.48
337,1519,1499.59
337,1520,1312.24
337,1524,827.53
337,1525,795.67
337,1551,769.17
337,1555,1180.37
337,1561,1279.4
337,1562,994.32
337,1590,2845.52
337,1612,511.35
337,1638,2305.42
337,1665,868.13
337,1688,2186.39
337,1715,2111.66
337,1737,1308.39
337,2177,2705.46
337,2948,1320
337,2954,980.42
337,2985,1596.56
337,3941,1797.76
337,3998,1648.06
337,4317,1748.25
337,7447,1829.09
338,340,386.64
338,344,464.36
338,345,487.76
338,346,340.19
338,350,423.79
338,503,952.41
338,1056,3606
338,1130,3151.95
338,1218,1412.45
338,1423,599.02
338,1452,1979.29
338,1460,1367.88
338,1472,1993.25
338,1678,556.08
338,1688,2077.83
338,2985,1642.56
338,3998,1545.89
338,7447,1695.12
339,502,778.54
339,1051,3251.61
339,1054,3381.68
339,1056,3436.43
339,1688,2217.04
339,3998,1422.19
340,16,2401.21
340,73,5236.06
340,100,5984.62
340,146,5854.76
340,156,8062.48
340,178,7528.45
340,193,6343.97
340,210,1544.44
340,248,5007.34
340,260,4563.55
340,273,4856.82
340,287,1471.8
340,293,1805.74
340,302,304.84
340,338,386.64
340,341,241.7
340,342,411.65
340,345,188.87
340,346,299.08
340,347,189.64
340,348,300.75
340,350,156.65
340,351,431.68
340,352,280.87
340,353,335.49
340,382,271.51
340,410,542.84
340,415,1468.53
340,421,1537.94
340,469,766.21
340,478,832.58
340,490,808.16
340,498,804.95
340,503,620.39
340,507,654.76
340,532,1065.17
340,535,1032.85
340,580,366.57
340,599,1086.89
340,608,635.78
340,609,678.65
340,629,175.73
340,636,1160.19
340,644,1132.54
340,666,1001.2
340,668,828.28
340,669,799.87
340,671,748.17
340,674,632.74
340,675,958.53
340,679,896.24
340,680,598.85
340,687,882.22
340,737,1222.99
340,813,8690.01
340,893,9199.58
340,951,6564.06
340,994,7561.57
340,1051,3055.82
340,1053,3251.94
340,1054,3184.9
340,1055,2996.01
340,1056,3238.8
340,1064,2656.31
340,1074,2277.24
340,1103,4706.25
340,1107,5348.75
340,1128,2921.71
340,1130,3323.61
340,1145,6707.2
340,1190,1288.61
340,1194,1396.74
340,1197,2635.96
340,1200,1114.14
340,1203,698.52
340,1206,930.45
340,1208,734.35
340,1209,834.39
340,1212,1493.33
340,1216,1150.08
340,1218,1093.61
340,1225,1364.62
340,1226,1885.31
340,1229,1422.05
340,1230,1817.17
340,1231,1181.12
340,1246,1370.83
340,1273,897.83
340,1321,834.74
340,1335,544.98
340,1353,776.17
340,1354,716.27
340,1359,798.68
340,1382,449
340,1423,282.18
340,1452,2114.39
340,1458,2087.93
340,1460,1461.36
340,1472,2177.74
340,1473,1668.25
340,1474,2044.79
340,1486,1540.61
340,1489,834.9
340,1509,1490.15
340,1512,1366.32
340,1520,1018.38
340,1524,489.7
340,1526,541.76
340,1529,512.91
340,1538,644.69
340,1550,543.99
340,1551,577.2
340,1555,958.14
340,1561,1109.86
340,1563,720.22
340,1569,608.22
340,1587,406.05
340,1590,2953.01
340,1606,1646.65
340,1609,608.27
340,1610,369.54
340,1611,454.89
340,1612,408.56
340,1613,620.31
340,1626,1959.33
340,1633,3031.71
340,1636,1652.75
340,1638,1873.85
340,1657,1449.05
340,1665,459.78
340,1678,285.62
340,1682,2196.78
340,1688,2297.87
340,1701,1862.39
340,1706,1965.6
340,1715,2192.67
340,1735,1534.75
340,1739,1054.58
340,1741,1182.66
340,1742,1263.99
340,1760,7512.43
340,1761,7572.44
340,1762,7616.83
340,1780,8195.56
340,1824,9551.97
340,1852,8606.13
340,1909,8138.21
340,1910,7895.2
340,1923,8067.5
340,2057,4439.79
340,2064,4367.49
340,2072,4131.67
340,2082,4292.43
340,2170,3044.57
340,2176,4020.56
340,2177,2837.97
340,2179,4861.97
340,2188,4843.21
340,2194,5179.16
340,2276,9365.03
340,2279,9366.62
340,2359,9360.83
340,2560,9568.42
340,2564,9798.19
340,2610,7709.29
340,2621,8353.96
340,2709,9087.1
340,2851,8076.87
340,2890,7354.3
340,2901,7593.47
340,2908,5089.37
340,2910,4308.75
340,2922,3367.25
340,2939,1583.73
340,2948,1747.33
340,2954,1395.26
340,2976,4115.11
340,2979,4823.54
340,2983,4684.41
340,2985,2022.41
340,2988,2008.18
340,2993,2846.44
340,2997,6568.89
340,3017,6685.11
340,3024,8066.43
340,3077,9153.33
340,3093,6120.62
340,3131,7401.64
340,3144,7593.87
340,3156,7883.97
340,3199,8711.72
340,3205,9655.92
340,3304,9997.52
340,3316,10279.26
340,3364,7787.38
340,3388,8635.04
340,3395,7810.38
340,3406,8857.73
340,3448,5889.31
340,3469,9148.71
340,3484,9321.99
340,3494,6211.03
340,3550,8402.59
340,3576,7763.55
340,3577,8197.42
340,3645,6679.28
340,3670,8258.18
340,3682,7409.65
340,3714,6550.63
340,3751,8088.74
340,3752,6339.38
340,3797,6189.44
340,3830,6971.06
340,3876,7059.47
340,3877,8963.48
340,3878,7619.87
340,3885,8999.47
340,3930,8543.15
340,3941,1815.64
340,3942,9293.49
340,3953,1270.23
340,3959,1241.66
340,3988,11502.56
340,3989,3214.26
340,3992,9261.33
340,3998,1252.09
340,4029,2046.74
340,4059,6316.6
340,4078,4803.92
340,4091,2836.04
340,4105,8110.79
340,4144,8019.33
340,4274,2418.31
340,4317,1900.02
340,4330,3774.25
340,5557,573.35
340,5673,1919.01
340,7447,1559.27
340,11051,4587.53
341,340,241.7
341,346,511.48
341,350,398.19
341,353,125.87
341,1222,1196.88
341,1225,1553.04
341,1230,1966.73
341,1460,1679.73
341,1678,522.95
341,1688,2475.73
341,3998,1449.79
342,293,2197.58
342,302,481.8
342,340,411.65
342,344,363.28
342,345,339.62
342,346,600.02
342,347,465.54
342,349,529.92
342,350,551.94
342,382,663.47
342,410,178.3
342,421,1168.6
342,469,794.49
342,478,810.83
342,490,894.24
342,492,723.1
342,502,743
342,507,745.44
342,535,892.94
342,580,379.36
342,599,1072.6
342,609,279.84
342,636,794.83
342,644,724.58
342,679,753.4
342,737,825.5
342,1051,3406.04
342,1054,3528.12
342,1055,3345.82
342,1056,3574.37
342,1130,3529.8
342,1200,1373.72
342,1205,991.98
342,1206,1213.15
342,1212,1886.67
342,1218,1492.56
342,1225,1766.55
342,1226,2248.45
342,1229,1780.86
342,1230,2191.71
342,1231,1591.46
342,1273,1277.92
342,1321,1232.35
342,1354,1127.16
342,1382,727.85
342,1423,693.6
342,1452,2352.96
342,1458,2289.32
342,1460,1730.44
342,1472,2371.15
342,1486,1752.36
342,1489,949.82
342,1509,1839.12
342,1520,1416.14
342,1524,894.12
342,1550,917.94
342,1551,919.27
342,1555,1326.01
342,1561,1453.15
342,1587,489.78
342,1606,2006.8
342,1612,682.75
342,1613,767.46
342,1626,2306.39
342,1638,2197.68
342,1665,867.28
342,1676,767.39
342,1678,693.05
342,1688,2454.15
342,1701,1986.92
342,1706,2149.1
342,1715,2374.37
342,1742,1474.36
342,2188,4884.21
342,2948,1406.58
342,2985,1765.05
342,3494,6137.54
342,3941,2045.22
342,3953,956.17
342,3986,627.56
342,3998,1658.5
342,4091,3145.89
342,4166,555.48
342,4317,2019.74
342,4322,836.18
342,4330,3764.57
342,7447,1952.29
344,210,1606.8
344,287,1577.52
344,338,464.36
344,342,363.28
344,346,435.7
344,348,360.62
344,351,463.18
344,382,394.56
344,469,637.7
344,478,699.42
344,502,513.81
344,507,534.22
344,535,895.81
344,548,492.46
344,580,229.64
344,599,956.69
344,644,1057.68
344,668,856.98
344,671,841.47
344,679,965.93
344,737,1188.76
344,772,486.22
344,1051,3050.01
344,1054,3174.63
344,1055,2989.9
344,1056,3223.86
344,1075,2478.39
344,1103,4695.7
344,1130,3460.55
344,1200,1251.17
344,1203,833.91
344,1205,835.51
344,1206,1067.09
344,1208,870.92
344,1209,970.7
344,1212,1524.41
344,1218,1132.75
344,1222,1051.51
344,1225,1407.84
344,1226,1887.94
344,1230,1829.08
344,1231,1244.39
344,1321,941.33
344,1322,935.96
344,1354,801.46
344,1452,2251.44
344,1458,2224.47
344,1460,1597.92
344,1462,1740.02
344,1468,2072.28
344,1472,2314.02
344,1479,2171.02
344,1486,1677.17
344,1489,959.19
344,1501,1309.75
344,1508,1508.22
344,1509,1616.16
344,1512,1486.54
344,1519,1300.04
344,1520,1123.28
344,1524,593.82
344,1538,768.95
344,1550,668.55
344,1551,709.84
344,1555,1080.66
344,1561,1238.64
344,1562,835.18
344,1587,510.5
344,1590,3087.99
344,1612,544.84
344,1613,745.99
344,1626,1950.51
344,1638,1850.45
344,1646,1148.21
344,1676,440.18
344,1678,391.76
344,1682,2324.15
344,1688,2432.08
344,1701,1993.15
344,1706,2101.26
344,1737,1482.64
344,2944,1637.93
344,3941,1952.69
344,3998,1303.92
344,4029,2094.61
344,4091,2806.4
344,4317,2030.34
344,4322,705.64
344,4330,3888.55
344,5557,581.53
344,5673,1945.74
344,7447,1665.51
345,287,1628.64
345,293,1963.27
345,338,487.76
345,340,188.87
345,342,339.62
345,346,485.82
345,347,364.67
345,348,380
345,350,338.13
345,351,468.74
345,382,448.46
345,410,416.38
345,421,1507.79
345,469,598.36
345,478,655.43
345,481,829.95
345,488,701.78
345,498,695.26
345,499,677.45
345,502,484.61
345,503,466.07
345,507,501.89
345,517,636.9
345,521,700.4
345,534,896.25
345,548,455.94
345,552,714.32
345,580,178.34
345,599,915.11
345,608,519.34
345,609,618.99
345,629,189.5
345,644,1017.49
345,671,867.54
345,674,701.64
345,679,981.28
345,680,704.85
345,687,792.55
345,737,1162.4
345,1051,3066.92
345,1053,3242.31
345,1054,3189.8
345,1055,3006.73
345,1056,3237.22
345,1064,2686.24
345,1130,3510.76
345,1197,2815.99
345,1200,1302.64
345,1206,1119.32
345,1209,1023.23
345,1212,1555.69
345,1216,1147.63
345,1218,1167.41
345,1225,1443.15
345,1226,1908.95
345,1229,1441.3
345,1230,1853.46
345,1231,1285.79
345,1246,1427.31
345,1321,992.97
345,1322,986.61
345,1335,630.98
345,1354,849.21
345,1359,883.05
345,1382,392.77
345,1418,761.93
345,1423,415.04
345,1452,2302.82
345,1456,1986.89
345,1458,2273.84
345,1460,1650.23
345,1462,1787.69
345,1469,2053.68
345,1470,1753.6
345,1472,2362.97
345,1473,1857.1
345,1474,2233.52
345,1476,2186.42
345,1486,1726.64
345,1488,1868.99
345,1489,999.77
345,1501,1363.03
345,1508,1562.09
345,1509,1670.01
345,1519,1350.3
345,1520,1174.49
345,1524,645.58
345,1526,680.17
345,1551,763.5
345,1555,1134.32
345,1561,1292.57
345,1563,895.49
345,1587,543.82
345,1590,3135.3
345,1606,1822.47
345,1609,790.64
345,1611,631.69
345,1612,594.35
345,1613,787.82
345,1626,1967.23
345,1633,2947.35
345,1638,1861.73
345,1657,1614.84
345,1665,563.75
345,1678,444.41
345,1682,2365.61
345,1688,2478.71
345,1696,2626.72
345,1701,2037.05
345,1706,2149.43
345,1715,2376.64
345,1739,1234.18
345,1741,1370.54
345,1742,1449.17
345,1760,7381.57
345,1761,7435.67
345,1852,8443.69
345,1923,7909.57
345,2179,5026.28
345,2188,5005.08
345,2279,9331.02
345,2897,7962.79
345,2948,1740.7
345,2985,2068.03
345,2988,2057.6
345,3364,7796.12
345,3484,9133.12
345,3494,6038.44
345,3576,7603.57
345,3682,7236.38
345,3793,7640.48
345,3797,6017.22
345,3830,6788.4
345,3941,2003.42
345,3953,1279.61
345,3989,3373.24
345,3998,1341.97
345,4029,2098.17
345,4091,2814.25
345,4197,3704.79
345,4309,985.95
345,4317,2073.92
345,4330,3921.9
345,5557,575.67
345,5952,3514.24
345,7447,1716.69
345,7821,2209.56
346,16,2691.75
346,146,6150.77
346,156,8340.36
346,193,6640.95
346,287,1285.33
346,293,1612.15
346,302,596.98
346,338,340.19
346,340,299.08
346,341,511.48
346,342,600.02
346,344,435.7
346,345,485.82
346,347,137.41
346,348,342.9
346,350,192.5
346,351,479.57
346,352,480.31
346,353,562.92
346,371,427.45
346,373,461.42
346,410,766.92
346,421,1574.54
346,469,1059.84
346,478,1130.05
346,490,1090.64
346,502,913.54
346,507,941.58
346,535,1330.34
346,548,911.01
346,580,664.17
346,591,658.73
346,596,1492
346,599,1381.28
346,608,840.71
346,609,809.91
346,629,430.92
346,644,1309.31
346,668,813.91
346,669,611.42
346,674,576.09
346,679,777.33
346,680,477.08
346,687,1035.63
346,737,1317.31
346,772,619.68
346,813,8444.34
346,1051,3116.73
346,1053,3342.8
346,1054,3254.34
346,1055,3058.01
346,1056,3317.68
346,1064,2691.47
346,1074,2317.73
346,1075,2498.99
346,1103,4769.2
346,1128,2623.17
346,1130,3024.99
346,1190,991.93
346,1194,1100.78
346,1197,2339.52
346,1200,818.18
346,1206,638.75
346,1208,435.28
346,1209,545.63
346,1212,1496.75
346,1216,1266.97
346,1218,1094.63
346,1225,1344.34
346,1226,1941.59
346,1229,1496.97
346,1230,1854.94
346,1231,1119.69
346,1246,1388.5
346,1264,1031.07
346,1273,960.12
346,1335,585.84
346,1353,745.59
346,1354,629.97
346,1382,681.57
346,1418,1009.06
346,1423,328.04
346,1452,1817.82
346,1456,1505.23
346,1458,1788.86
346,1459,1912.26
346,1460,1168.9
346,1462,1306.84
346,1469,1571.92
346,1470,1271.34
346,1472,1878.69
346,1474,1749.75
346,1476,1702.38
346,1486,1241.54
346,1488,1389.36
346,1489,566.48
346,1501,892.81
346,1506,984.66
346,1508,1109.64
346,1509,1239.39
346,1512,1136.59
346,1519,1035.42
346,1520,848.08
346,1524,381.36
